   60084.000000   518400.000000        0.107654       -0.008402       -0.137218        0.109840
   60084.000000   518401.000000        0.102244       -0.008889       -0.132876        0.105603
   60084.000000   518402.000000        0.096890       -0.010597       -0.128269        0.101291
   60084.000000   518403.000000        0.092550       -0.011291       -0.124661        0.097856
   60084.000000   518404.000000        0.087356       -0.011831       -0.119944        0.093548
   60084.000000   518405.000000        0.082797       -0.012449       -0.116634        0.090204
   60084.000000   518406.000000        0.077467       -0.013098       -0.112607        0.086233
   60084.000000   518407.000000        0.073248       -0.014216       -0.108177        0.082482
   60084.000000   518408.000000        0.068275       -0.014341       -0.104192        0.078676
   60084.000000   518409.000000        0.064541       -0.015076       -0.100177        0.075318
   60084.000000   518410.000000        0.059747       -0.015839       -0.096991        0.072062
   60084.000000   518411.000000        0.054924       -0.016626       -0.092923        0.068360
   60084.000000   518412.000000        0.051900       -0.016663       -0.089044        0.065312
   60084.000000   518413.000000        0.048043       -0.017417       -0.085444        0.062205
   60084.000000   518414.000000        0.043322       -0.018298       -0.081991        0.058958
   60084.000000   518415.000000        0.039416       -0.018442       -0.078346        0.055836
   60084.000000   518416.000000        0.035857       -0.018137       -0.074383        0.052626
   60084.000000   518417.000000        0.032457       -0.018906       -0.070592        0.049655
   60084.000000   518418.000000        0.029127       -0.018955       -0.067612        0.047134
   60084.000000   518419.000000        0.025510       -0.019723       -0.064530        0.044589
   60084.000000   518420.000000        0.022065       -0.019679       -0.061185        0.041908
   60084.000000   518421.000000        0.018632       -0.020318       -0.058056        0.039477
   60084.000000   518422.000000        0.015494       -0.020021       -0.053581        0.036272
   60084.000000   518423.000000        0.012164       -0.020065       -0.050434        0.033909
   60084.000000   518424.000000        0.009212       -0.020062       -0.047658        0.031890
   60084.000000   518425.000000        0.006766       -0.020508       -0.044309        0.029719
   60084.000000   518426.000000        0.003819       -0.020169       -0.041834        0.027992
   60084.000000   518427.000000        0.001037       -0.019803       -0.038482        0.025856
   60084.000000   518428.000000       -0.001765       -0.019685       -0.035504        0.024105
   60084.000000   518429.000000       -0.004438       -0.020279       -0.031943        0.022303
   60084.000000   518430.000000       -0.006783       -0.019782       -0.029826        0.021258
   60084.000000   518431.000000       -0.009282       -0.019463       -0.026808        0.019937
   60084.000000   518432.000000       -0.012091       -0.019566       -0.024133        0.019186
   60084.000000   518433.000000       -0.014587       -0.019631       -0.020821        0.018332
   60084.000000   518434.000000       -0.016463       -0.018996       -0.018099        0.017665
   60084.000000   518435.000000       -0.018497       -0.018702       -0.015817        0.017529
   60084.000000   518436.000000       -0.020496       -0.019159       -0.013005        0.017596
   60084.000000   518437.000000       -0.022412       -0.018435       -0.010279        0.017647
   60084.000000   518438.000000       -0.024273       -0.017903       -0.008076        0.018050
   60084.000000   518439.000000       -0.025869       -0.017948       -0.005413        0.018536
   60084.000000   518440.000000       -0.027572       -0.017513       -0.002920        0.019189
   60084.000000   518441.000000       -0.029679       -0.016698       -0.000427        0.020172
   60084.000000   518442.000000       -0.031742       -0.015951        0.001656        0.021285
   60084.000000   518443.000000       -0.032794       -0.015980        0.003740        0.022014
   60084.000000   518444.000000       -0.035091       -0.015884        0.006347        0.023583
   60084.000000   518445.000000       -0.035808       -0.015007        0.007944        0.024077
   60084.000000   518446.000000       -0.037050       -0.014761        0.010659        0.025180
   60084.000000   518447.000000       -0.038918       -0.014125        0.012476        0.026516
   60084.000000   518448.000000       -0.039897       -0.014035        0.014635        0.027501
   60084.000000   518449.000000       -0.041033       -0.013012        0.017095        0.028600
   60084.000000   518450.000000       -0.042038       -0.012432        0.018062        0.029350
   60084.000000   518451.000000       -0.043594       -0.012138        0.020509        0.030823
   60084.000000   518452.000000       -0.044512       -0.011695        0.022676        0.031891
   60084.000000   518453.000000       -0.045513       -0.010851        0.023936        0.032741
   60084.000000   518454.000000       -0.046293       -0.009871        0.025303        0.033508
   60084.000000   518455.000000       -0.046993       -0.009906        0.027781        0.034654
   60084.000000   518456.000000       -0.048435       -0.008363        0.029129        0.035777
   60084.000000   518457.000000       -0.048696       -0.008514        0.030850        0.036489
   60084.000000   518458.000000       -0.049561       -0.007298        0.032662        0.037506
   60084.000000   518459.000000       -0.050603       -0.007187        0.033605        0.038373
   60084.000000   518460.000000       -0.051345       -0.006246        0.035302        0.039321
   60084.000000   518461.000000       -0.051648       -0.005678        0.037382        0.040212
   60084.000000   518462.000000       -0.051919       -0.005259        0.037838        0.040506
   60084.000000   518463.000000       -0.052354       -0.003830        0.039671        0.041380
   60084.000000   518464.000000       -0.052987       -0.003565        0.041112        0.042243
   60084.000000   518465.000000       -0.053066       -0.002587        0.042404        0.042770
   60084.000000   518466.000000       -0.053657       -0.001446        0.042918        0.043251
   60084.000000   518467.000000       -0.054329       -0.001455        0.044513        0.044211
   60084.000000   518468.000000       -0.054556       -0.000559        0.045219        0.044600
   60084.000000   518469.000000       -0.054391        0.000204        0.046072        0.044865
   60084.000000   518470.000000       -0.054686        0.001313        0.047850        0.045739
   60084.000000   518471.000000       -0.054970        0.001539        0.048817        0.046277
   60084.000000   518472.000000       -0.054447        0.002813        0.049229        0.046218
   60084.000000   518473.000000       -0.054779        0.002691        0.050654        0.046975
   60084.000000   518474.000000       -0.054951        0.004169        0.051144        0.047286
   60084.000000   518475.000000       -0.054929        0.005104        0.052565        0.047908
   60084.000000   518476.000000       -0.055002        0.005810        0.052929        0.048117
   60084.000000   518477.000000       -0.054734        0.006210        0.053306        0.048171
   60084.000000   518478.000000       -0.054928        0.006849        0.054477        0.048792
   60084.000000   518479.000000       -0.054604        0.007449        0.054747        0.048785
   60084.000000   518480.000000       -0.054066        0.008317        0.055737        0.049020
   60084.000000   518481.000000       -0.054268        0.009016        0.056833        0.049630
   60084.000000   518482.000000       -0.053763        0.010186        0.056363        0.049245
   60084.000000   518483.000000       -0.053991        0.010475        0.057304        0.049783
   60084.000000   518484.000000       -0.053052        0.011437        0.058005        0.049749
   60084.000000   518485.000000       -0.053067        0.012125        0.058384        0.049964
   60084.000000   518486.000000       -0.052352        0.013074        0.059001        0.050003
   60084.000000   518487.000000       -0.052256        0.012987        0.059235        0.050067
   60084.000000   518488.000000       -0.051882        0.013925        0.059365        0.050027
   60084.000000   518489.000000       -0.051646        0.015257        0.059627        0.050134
   60084.000000   518490.000000       -0.050719        0.015754        0.060566        0.050237
   60084.000000   518491.000000       -0.050495        0.016441        0.059905        0.049878
   60084.000000   518492.000000       -0.049501        0.016872        0.060434        0.049766
   60084.000000   518493.000000       -0.049078        0.016941        0.060707        0.049736
   60084.000000   518494.000000       -0.048732        0.017857        0.060998        0.049809
   60084.000000   518495.000000       -0.048074        0.018672        0.061017        0.049627
   60084.000000   518496.000000       -0.047036        0.019713        0.061030        0.049322
   60084.000000   518497.000000       -0.046889        0.019757        0.060421        0.048972
   60084.000000   518498.000000       -0.045733        0.020455        0.061184        0.048973
   60084.000000   518499.000000       -0.045770        0.021089        0.061008        0.048956
   60084.000000   518500.000000       -0.044759        0.022062        0.061347        0.048842
   60084.000000   518501.000000       -0.044411        0.022426        0.060742        0.048450
   60084.000000   518502.000000       -0.043246        0.022967        0.061181        0.048303
   60084.000000   518503.000000       -0.042989        0.023891        0.060368        0.047899
   60084.000000   518504.000000       -0.041351        0.024497        0.060607        0.047509
   60084.000000   518505.000000       -0.041245        0.024469        0.060114        0.047220
   60084.000000   518506.000000       -0.039965        0.025164        0.060377        0.046993
   60084.000000   518507.000000       -0.039173        0.025675        0.059939        0.046562
   60084.000000   518508.000000       -0.038260        0.026180        0.059934        0.046316
   60084.000000   518509.000000       -0.037200        0.026081        0.059255        0.045611
   60084.000000   518510.000000       -0.036169        0.027079        0.058720        0.045127
   60084.000000   518511.000000       -0.035876        0.027816        0.058582        0.045056
   60084.000000   518512.000000       -0.034601        0.028013        0.058091        0.044431
   60084.000000   518513.000000       -0.034611        0.028198        0.057698        0.044254
   60084.000000   518514.000000       -0.033277        0.028768        0.057533        0.043838
   60084.000000   518515.000000       -0.031738        0.028636        0.056999        0.043085
   60084.000000   518516.000000       -0.031369        0.030152        0.056573        0.042971
   60084.000000   518517.000000       -0.030487        0.029772        0.055820        0.042268
   60084.000000   518518.000000       -0.028791        0.030161        0.055581        0.041726
   60084.000000   518519.000000       -0.028619        0.030863        0.054911        0.041433
   60084.000000   518520.000000       -0.027287        0.031190        0.054807        0.041072
   60084.000000   518521.000000       -0.025906        0.031231        0.053834        0.040205
   60084.000000   518522.000000       -0.024568        0.031651        0.053661        0.039848
   60084.000000   518523.000000       -0.024803        0.031654        0.052832        0.039465
   60084.000000   518524.000000       -0.023033        0.032387        0.052397        0.038930
   60084.000000   518525.000000       -0.021986        0.032536        0.051392        0.038178
   60084.000000   518526.000000       -0.020954        0.032430        0.050987        0.037712
   60084.000000   518527.000000       -0.020118        0.032873        0.050625        0.037417
   60084.000000   518528.000000       -0.018858        0.033173        0.050096        0.036927
   60084.000000   518529.000000       -0.017771        0.033248        0.048830        0.036045
   60084.000000   518530.000000       -0.017345        0.032929        0.048489        0.035717
   60084.000000   518531.000000       -0.015731        0.033212        0.047535        0.034960
   60084.000000   518532.000000       -0.015067        0.033644        0.047249        0.034776
   60084.000000   518533.000000       -0.013913        0.033205        0.046935        0.034327
   60084.000000   518534.000000       -0.013193        0.034248        0.045686        0.033754
   60084.000000   518535.000000       -0.012220        0.033880        0.045013        0.033169
   60084.000000   518536.000000       -0.010679        0.033872        0.044384        0.032616
   60084.000000   518537.000000       -0.010333        0.033669        0.043712        0.032166
   60084.000000   518538.000000       -0.008399        0.033867        0.043221        0.031720
   60084.000000   518539.000000       -0.007063        0.034150        0.041951        0.030970
   60084.000000   518540.000000       -0.005972        0.034067        0.041084        0.030393
   60084.000000   518541.000000       -0.005639        0.033623        0.040054        0.029714
   60084.000000   518542.000000       -0.004049        0.033819        0.039592        0.029410
   60084.000000   518543.000000       -0.003357        0.034368        0.038734        0.029053
   60084.000000   518544.000000       -0.002828        0.033580        0.038163        0.028536
   60084.000000   518545.000000       -0.000860        0.033828        0.036887        0.027874
   60084.000000   518546.000000        0.000053        0.033871        0.036157        0.027498
   60084.000000   518547.000000        0.001095        0.034069        0.035824        0.027384
   60084.000000   518548.000000        0.002165        0.033210        0.034830        0.026673
   60084.000000   518549.000000        0.003305        0.033314        0.034013        0.026327
   60084.000000   518550.000000        0.004063        0.033334        0.033675        0.026201
   60084.000000   518551.000000        0.004792        0.032981        0.032780        0.025703
   60084.000000   518552.000000        0.005916        0.033027        0.031671        0.025253
   60084.000000   518553.000000        0.007003        0.032447        0.030655        0.024705
   60084.000000   518554.000000        0.008488        0.032030        0.030076        0.024494
   60084.000000   518555.000000        0.009956        0.031891        0.029384        0.024341
   60084.000000   518556.000000        0.010206        0.032519        0.028498        0.024137
   60084.000000   518557.000000        0.011648        0.031590        0.027190        0.023534
   60084.000000   518558.000000        0.012774        0.031944        0.027245        0.023887
   60084.000000   518559.000000        0.013519        0.031391        0.026254        0.023454
   60084.000000   518560.000000        0.014775        0.030553        0.025449        0.023171
   60084.000000   518561.000000        0.015801        0.030863        0.024770        0.023233
   60084.000000   518562.000000        0.016594        0.030093        0.024048        0.022940
   60084.000000   518563.000000        0.017658        0.030224        0.022770        0.022773
   60084.000000   518564.000000        0.019048        0.030104        0.022142        0.022938
   60084.000000   518565.000000        0.019578        0.029233        0.020717        0.022345
   60084.000000   518566.000000        0.021013        0.028975        0.020639        0.022760
   60084.000000   518567.000000        0.021771        0.029057        0.019575        0.022691
   60084.000000   518568.000000        0.023162        0.028892        0.018291        0.022768
   60084.000000   518569.000000        0.024053        0.027957        0.017576        0.022669
   60084.000000   518570.000000        0.024992        0.028288        0.016921        0.022957
   60084.000000   518571.000000        0.026041        0.027727        0.016178        0.023064
   60084.000000   518572.000000        0.026103        0.026890        0.015264        0.022636
   60084.000000   518573.000000        0.028179        0.026668        0.014534        0.023365
   60084.000000   518574.000000        0.028306        0.026841        0.013897        0.023314
   60084.000000   518575.000000        0.029451        0.026137        0.013222        0.023553
   60084.000000   518576.000000        0.030543        0.025202        0.012429        0.023720
   60084.000000   518577.000000        0.031753        0.025220        0.010996        0.024071
   60084.000000   518578.000000        0.031978        0.024631        0.010585        0.023989
   60084.000000   518579.000000        0.033020        0.023886        0.009771        0.024253
   60084.000000   518580.000000        0.034237        0.023459        0.009364        0.024766
   60084.000000   518581.000000        0.035401        0.023660        0.008826        0.025369
   60084.000000   518582.000000        0.035439        0.023000        0.007587        0.025104
   60084.000000   518583.000000        0.037001        0.022624        0.007380        0.025889
   60084.000000   518584.000000        0.037418        0.021843        0.006295        0.025873
   60084.000000   518585.000000        0.038526        0.021119        0.005159        0.026290
   60084.000000   518586.000000        0.039717        0.020975        0.004780        0.026931
   60084.000000   518587.000000        0.039982        0.021065        0.003710        0.027034
   60084.000000   518588.000000        0.040716        0.019869        0.003646        0.027276
   60084.000000   518589.000000        0.041813        0.019974        0.002297        0.027884
   60084.000000   518590.000000        0.042196        0.018814        0.002214        0.027943
   60084.000000   518591.000000        0.042982        0.018416        0.001563        0.028342
   60084.000000   518592.000000        0.043988        0.018070        0.000694        0.028888
   60084.000000   518593.000000        0.045036        0.017074       -0.000040        0.029394
   60084.000000   518594.000000        0.045600        0.017121       -0.000714        0.029745
   60084.000000   518595.000000        0.046331        0.017150       -0.001411        0.030203
   60084.000000   518596.000000        0.046683        0.016683       -0.002678        0.030397
   60084.000000   518597.000000        0.047318        0.015757       -0.003240        0.030703
   60084.000000   518598.000000        0.048125        0.014817       -0.003623        0.031117
   60084.000000   518599.000000        0.049004        0.014313       -0.004354        0.031644
   60084.000000   518600.000000        0.049823        0.013601       -0.005074        0.032124
   60084.000000   518601.000000        0.050495        0.013146       -0.006309        0.032584
   60084.000000   518602.000000        0.050886        0.013406       -0.006350        0.032849
   60084.000000   518603.000000        0.051334        0.012496       -0.007517        0.033147
   60084.000000   518604.000000        0.052139        0.011794       -0.008080        0.033640
   60084.000000   518605.000000        0.053243        0.011800       -0.008564        0.034365
   60084.000000   518606.000000        0.053746        0.011207       -0.009525        0.034732
   60084.000000   518607.000000        0.054361        0.010139       -0.009677        0.035059
   60084.000000   518608.000000        0.055096        0.010217       -0.010431        0.035599
   60084.000000   518609.000000        0.055029        0.009057       -0.011454        0.035618
   60084.000000   518610.000000        0.055732        0.008623       -0.011422        0.036022
   60084.000000   518611.000000        0.056391        0.008745       -0.011778        0.036477
   60084.000000   518612.000000        0.056152        0.008163       -0.013079        0.036478
   60084.000000   518613.000000        0.057381        0.007390       -0.013523        0.037257
   60084.000000   518614.000000        0.057632        0.007034       -0.013718        0.037425
   60084.000000   518615.000000        0.058151        0.006008       -0.015036        0.037903
   60084.000000   518616.000000        0.058464        0.006178       -0.015328        0.038145
   60084.000000   518617.000000        0.058985        0.004659       -0.015994        0.038525
   60084.000000   518618.000000        0.058935        0.004619       -0.016691        0.038610
   60084.000000   518619.000000        0.059901        0.003717       -0.016975        0.039223
   60084.000000   518620.000000        0.059904        0.003514       -0.017451        0.039303
   60084.000000   518621.000000        0.060602        0.002779       -0.018565        0.039913
   60084.000000   518622.000000        0.060761        0.002712       -0.019100        0.040107
   60084.000000   518623.000000        0.060798        0.001572       -0.019105        0.040117
   60084.000000   518624.000000        0.060846        0.001098       -0.019992        0.040314
   60084.000000   518625.000000        0.061290        0.000665       -0.020467        0.040671
   60084.000000   518626.000000        0.061797        0.000027       -0.021062        0.041092
   60084.000000   518627.000000        0.061990        0.000047       -0.020972        0.041189
   60084.000000   518628.000000        0.061602       -0.000608       -0.022069        0.041186
   60084.000000   518629.000000        0.062241       -0.000896       -0.022101        0.041573
   60084.000000   518630.000000        0.062822       -0.001756       -0.022532        0.042014
   60084.000000   518631.000000        0.062636       -0.002110       -0.023475        0.042112
   60084.000000   518632.000000        0.062938       -0.002900       -0.024029        0.042423
   60084.000000   518633.000000        0.063030       -0.003031       -0.024308        0.042542
   60084.000000   518634.000000        0.063052       -0.003973       -0.025258        0.042789
   60084.000000   518635.000000        0.063024       -0.004979       -0.025157        0.042771
   60084.000000   518636.000000        0.062751       -0.005126       -0.025437        0.042681
   60084.000000   518637.000000        0.063167       -0.005136       -0.026103        0.043082
   60084.000000   518638.000000        0.063117       -0.005868       -0.026389        0.043141
   60084.000000   518639.000000        0.063619       -0.006939       -0.027196        0.043662
   60084.000000   518640.000000        0.063530       -0.006997       -0.027334        0.043647
   60084.000000   518641.000000        0.063042       -0.007460       -0.027740        0.043483
   60084.000000   518642.000000        0.063542       -0.008097       -0.028392        0.043959
   60084.000000   518643.000000        0.062718       -0.009172       -0.029058        0.043706
   60084.000000   518644.000000        0.062388       -0.009530       -0.029698        0.043705
   60084.000000   518645.000000        0.062696       -0.009446       -0.029915        0.043934
   60084.000000   518646.000000        0.062615       -0.010824       -0.030270        0.044051
   60084.000000   518647.000000        0.062373       -0.010644       -0.030854        0.044066
   60084.000000   518648.000000        0.062481       -0.011526       -0.030764        0.044148
   60084.000000   518649.000000        0.062003       -0.012074       -0.031051        0.043990
   60084.000000   518650.000000        0.061960       -0.012899       -0.031697        0.044197
   60084.000000   518651.000000        0.062107       -0.012940       -0.031905        0.044340
   60084.000000   518652.000000        0.061125       -0.013882       -0.033162        0.044224
   60084.000000   518653.000000        0.060715       -0.014463       -0.033182        0.044044
   60084.000000   518654.000000        0.060405       -0.014536       -0.033414        0.043950
   60084.000000   518655.000000        0.059985       -0.015201       -0.033476        0.043787
   60084.000000   518656.000000        0.059751       -0.015562       -0.033873        0.043808
   60084.000000   518657.000000        0.059506       -0.016703       -0.034220        0.043870
   60084.000000   518658.000000        0.059129       -0.016421       -0.034633        0.043774
   60084.000000   518659.000000        0.058865       -0.017072       -0.035116        0.043837
   60084.000000   518660.000000        0.058521       -0.017518       -0.034875        0.043615
   60084.000000   518661.000000        0.058112       -0.018850       -0.035749        0.043794
   60084.000000   518662.000000        0.057355       -0.018792       -0.035632        0.043352
   60084.000000   518663.000000        0.057038       -0.019880       -0.035817        0.043348
   60084.000000   518664.000000        0.057083       -0.019864       -0.036424        0.043570
   60084.000000   518665.000000        0.056076       -0.020289       -0.036716        0.043188
   60084.000000   518666.000000        0.055555       -0.020728       -0.036634        0.042936
   60084.000000   518667.000000        0.055061       -0.022014       -0.036715        0.042844
   60084.000000   518668.000000        0.054536       -0.021866       -0.037085        0.042689
   60084.000000   518669.000000        0.054296       -0.022560       -0.037731        0.042866
   60084.000000   518670.000000        0.052934       -0.023398       -0.037521        0.042207
   60084.000000   518671.000000        0.052967       -0.023219       -0.037663        0.042252
   60084.000000   518672.000000        0.052290       -0.024256       -0.038370        0.042291
   60084.000000   518673.000000        0.051515       -0.024514       -0.037905        0.041777
   60084.000000   518674.000000        0.050767       -0.024991       -0.038099        0.041542
   60084.000000   518675.000000        0.050374       -0.025713       -0.038538        0.041604
   60084.000000   518676.000000        0.049504       -0.026153       -0.039389        0.041563
   60084.000000   518677.000000        0.048812       -0.026481       -0.039303        0.041248
   60084.000000   518678.000000        0.047913       -0.027445       -0.038820        0.040777
   60084.000000   518679.000000        0.046950       -0.027806       -0.039378        0.040596
   60084.000000   518680.000000        0.046594       -0.027708       -0.039626        0.040515
   60084.000000   518681.000000        0.045215       -0.028404       -0.039771        0.040050
   60084.000000   518682.000000        0.044455       -0.029334       -0.039727        0.039834
   60084.000000   518683.000000        0.043936       -0.029003       -0.039651        0.039525
   60084.000000   518684.000000        0.042802       -0.030094       -0.039176        0.039010
   60084.000000   518685.000000        0.041654       -0.030411       -0.039729        0.038790
   60084.000000   518686.000000        0.040781       -0.030956       -0.039970        0.038610
   60084.000000   518687.000000        0.040584       -0.031654       -0.039478        0.038444
   60084.000000   518688.000000        0.039697       -0.031570       -0.040311        0.038405
   60084.000000   518689.000000        0.038729       -0.031835       -0.040190        0.038007
   60084.000000   518690.000000        0.037795       -0.032194       -0.039633        0.037462
   60084.000000   518691.000000        0.036305       -0.033138       -0.040121        0.037254
   60084.000000   518692.000000        0.035817       -0.032884       -0.040256        0.037077
   60084.000000   518693.000000        0.034668       -0.033657       -0.039332        0.036390
   60084.000000   518694.000000        0.033679       -0.034335       -0.040072        0.036473
   60084.000000   518695.000000        0.033036       -0.034699       -0.039834        0.036207
   60084.000000   518696.000000        0.032186       -0.035204       -0.040099        0.036121
   60084.000000   518697.000000        0.031025       -0.035462       -0.039169        0.035358
   60084.000000   518698.000000        0.029584       -0.036145       -0.039800        0.035292
   60084.000000   518699.000000        0.028477       -0.036086       -0.039335        0.034707
   60084.000000   518700.000000        0.028046       -0.036094       -0.039583        0.034682
   60084.000000   518701.000000        0.026230       -0.037035       -0.039499        0.034284
   60084.000000   518702.000000        0.026067       -0.037649       -0.039278        0.034274
   60084.000000   518703.000000        0.024760       -0.037343       -0.038478        0.033451
   60084.000000   518704.000000        0.023143       -0.038190       -0.039252        0.033547
   60084.000000   518705.000000        0.022259       -0.038056       -0.038924        0.033124
   60084.000000   518706.000000        0.021513       -0.038382       -0.038049        0.032600
   60084.000000   518707.000000        0.020443       -0.039542       -0.038109        0.032643
   60084.000000   518708.000000        0.019532       -0.039080       -0.038323        0.032405
   60084.000000   518709.000000        0.018083       -0.039473       -0.038319        0.032168
   60084.000000   518710.000000        0.017045       -0.039540       -0.037651        0.031644
   60084.000000   518711.000000        0.015578       -0.040540       -0.037823        0.031688
   60084.000000   518712.000000        0.015334       -0.040508       -0.037422        0.031443
   60084.000000   518713.000000        0.013344       -0.040834       -0.037341        0.031131
   60084.000000   518714.000000        0.012597       -0.041215       -0.036814        0.030862
   60084.000000   518715.000000        0.011827       -0.041582       -0.037014        0.030939
   60084.000000   518716.000000        0.011019       -0.041379       -0.036250        0.030401
   60084.000000   518717.000000        0.009379       -0.041819       -0.036029        0.030204
   60084.000000   518718.000000        0.007905       -0.041655       -0.035907        0.029930
   60084.000000   518719.000000        0.007244       -0.042753       -0.035795        0.030132
   60084.000000   518720.000000        0.005517       -0.042557       -0.035273        0.029682
   60084.000000   518721.000000        0.004388       -0.042247       -0.035497        0.029621
   60084.000000   518722.000000        0.003055       -0.043037       -0.034811        0.029468
   60084.000000   518723.000000        0.001997       -0.043358       -0.034672        0.029465
   60084.000000   518724.000000        0.000561       -0.043354       -0.034362        0.029295
   60084.000000   518725.000000       -0.000163       -0.043930       -0.033772        0.029199
   60084.000000   518726.000000       -0.000949       -0.044022       -0.034073        0.029372
   60084.000000   518727.000000       -0.002166       -0.043890       -0.033598        0.029138
   60084.000000   518728.000000       -0.003846       -0.043888       -0.032888        0.028885
   60084.000000   518729.000000       -0.004726       -0.043839       -0.032764        0.028865
   60084.000000   518730.000000       -0.005835       -0.044750       -0.032530        0.029130
   60084.000000   518731.000000       -0.006976       -0.044879       -0.031440        0.028794
   60084.000000   518732.000000       -0.008413       -0.044417       -0.030991        0.028604
   60084.000000   518733.000000       -0.009000       -0.044201       -0.031062        0.028636
   60084.000000   518734.000000       -0.010616       -0.044823       -0.030668        0.028887
   60084.000000   518735.000000       -0.011552       -0.045141       -0.030608        0.029106
   60084.000000   518736.000000       -0.013271       -0.044816       -0.029883        0.028993
   60084.000000   518737.000000       -0.013986       -0.044901       -0.029616        0.029045
   60084.000000   518738.000000       -0.015148       -0.045041       -0.028812        0.029001
   60084.000000   518739.000000       -0.016303       -0.044593       -0.027996        0.028787
   60084.000000   518740.000000       -0.017800       -0.044733       -0.027726        0.029079
   60084.000000   518741.000000       -0.018913       -0.044934       -0.027571        0.029362
   60084.000000   518742.000000       -0.020194       -0.045191       -0.026827        0.029508
   60084.000000   518743.000000       -0.021414       -0.044699       -0.026979        0.029747
   60084.000000   518744.000000       -0.022136       -0.044993       -0.025710        0.029603
   60084.000000   518745.000000       -0.023496       -0.044610       -0.026140        0.030044
   60084.000000   518746.000000       -0.024394       -0.044282       -0.024976        0.029834
   60084.000000   518747.000000       -0.025627       -0.044874       -0.024696        0.030331
   60084.000000   518748.000000       -0.026904       -0.044502       -0.024571        0.030613
   60084.000000   518749.000000       -0.027134       -0.044912       -0.023519        0.030490
   60084.000000   518750.000000       -0.028921       -0.043966       -0.023157        0.030744
   60084.000000   518751.000000       -0.029401       -0.044162       -0.022953        0.030921
   60084.000000   518752.000000       -0.031075       -0.044516       -0.022626        0.031573
   60084.000000   518753.000000       -0.031862       -0.043870       -0.021999        0.031520
   60084.000000   518754.000000       -0.033297       -0.043821       -0.021380        0.031923
   60084.000000   518755.000000       -0.033690       -0.044109       -0.020604        0.031966
   60084.000000   518756.000000       -0.034878       -0.043979       -0.020639        0.032439
   60084.000000   518757.000000       -0.036203       -0.043807       -0.020105        0.032830
   60084.000000   518758.000000       -0.037079       -0.042800       -0.019532        0.032805
   60084.000000   518759.000000       -0.037885       -0.043024       -0.018537        0.033001
   60084.000000   518760.000000       -0.039142       -0.043163       -0.018345        0.033573
   60084.000000   518761.000000       -0.039768       -0.042645       -0.017560        0.033560
   60084.000000   518762.000000       -0.041075       -0.041969       -0.017445        0.033981
   60084.000000   518763.000000       -0.041491       -0.041843       -0.016883        0.034036
   60084.000000   518764.000000       -0.042561       -0.041572       -0.015895        0.034301
   60084.000000   518765.000000       -0.044054       -0.041223       -0.015032        0.034803
   60084.000000   518766.000000       -0.044843       -0.041239       -0.015102        0.035215
   60084.000000   518767.000000       -0.045992       -0.041142       -0.014204        0.035628
   60084.000000   518768.000000       -0.046189       -0.040323       -0.014093        0.035517
   60084.000000   518769.000000       -0.047293       -0.040116       -0.012907        0.035864
   60084.000000   518770.000000       -0.048205       -0.039782       -0.013368        0.036331
   60084.000000   518771.000000       -0.048853       -0.039308       -0.012870        0.036495
   60084.000000   518772.000000       -0.050248       -0.039236       -0.011728        0.037073
   60084.000000   518773.000000       -0.051037       -0.038923       -0.011695        0.037425
   60084.000000   518774.000000       -0.051363       -0.038211       -0.011136        0.037382
   60084.000000   518775.000000       -0.052616       -0.038535       -0.010384        0.038050
   60084.000000   518776.000000       -0.053683       -0.038043       -0.009959        0.038490
   60084.000000   518777.000000       -0.054026       -0.036823       -0.009446        0.038382
   60084.000000   518778.000000       -0.054795       -0.036399       -0.008212        0.038617
   60084.000000   518779.000000       -0.055876       -0.036614       -0.007781        0.039232
   60084.000000   518780.000000       -0.055911       -0.035699       -0.007702        0.039071
   60084.000000   518781.000000       -0.057320       -0.035686       -0.007123        0.039826
   60084.000000   518782.000000       -0.058061       -0.035061       -0.006807        0.040113
   60084.000000   518783.000000       -0.057959       -0.034775       -0.006355        0.039974
   60084.000000   518784.000000       -0.059323       -0.033593       -0.005599        0.040508
   60084.000000   518785.000000       -0.059292       -0.033604       -0.004860        0.040454
   60084.000000   518786.000000       -0.060162       -0.033556       -0.003977        0.040914
   60084.000000   518787.000000       -0.061145       -0.032426       -0.003492        0.041283
   60084.000000   518788.000000       -0.061544       -0.032428       -0.003258        0.041510
   60084.000000   518789.000000       -0.062133       -0.031862       -0.002372        0.041742
   60084.000000   518790.000000       -0.062714       -0.030491       -0.002366        0.041873
   60084.000000   518791.000000       -0.063254       -0.030225       -0.001885        0.042144
   60084.000000   518792.000000       -0.063825       -0.029617       -0.001238        0.042385
   60084.000000   518793.000000       -0.064398       -0.029431       -0.001000        0.042698
   60084.000000   518794.000000       -0.064827       -0.028311       -0.000513        0.042794
   60084.000000   518795.000000       -0.065262       -0.028027        0.000607        0.043018
   60084.000000   518796.000000       -0.065060       -0.027380        0.000841        0.042810
   60084.000000   518797.000000       -0.065745       -0.026438        0.001041        0.043103
   60084.000000   518798.000000       -0.066158       -0.026414        0.001376        0.043353
   60084.000000   518799.000000       -0.066324       -0.025807        0.001527        0.043380
   60084.000000   518800.000000       -0.066860       -0.025045        0.002114        0.043622
   60084.000000   518801.000000       -0.067281       -0.023911        0.002572        0.043756
   60084.000000   518802.000000       -0.067295       -0.023200        0.003298        0.043705
   60084.000000   518803.000000       -0.067699       -0.023215        0.003935        0.043973
   60084.000000   518804.000000       -0.068483       -0.022412        0.004152        0.044374
   60084.000000   518805.000000       -0.068440       -0.021950        0.004126        0.044299
   60084.000000   518806.000000       -0.068652       -0.020903        0.004704        0.044346
   60084.000000   518807.000000       -0.068989       -0.019926        0.005303        0.044487
   60084.000000   518808.000000       -0.069123       -0.019765        0.006318        0.044606
   60084.000000   518809.000000       -0.069204       -0.018740        0.006436        0.044571
   60084.000000   518810.000000       -0.069096       -0.018597        0.007013        0.044527
   60084.000000   518811.000000       -0.069834       -0.017258        0.006942        0.044865
   60084.000000   518812.000000       -0.069475       -0.017220        0.007157        0.044654
   60084.000000   518813.000000       -0.069751       -0.016102        0.007735        0.044776
   60084.000000   518814.000000       -0.069582       -0.014889        0.007881        0.044594
   60084.000000   518815.000000       -0.069892       -0.014802        0.008179        0.044801
   60084.000000   518816.000000       -0.070015       -0.013383        0.009277        0.044869
   60084.000000   518817.000000       -0.069825       -0.013334        0.009371        0.044756
   60084.000000   518818.000000       -0.069937       -0.012715        0.009295        0.044782
   60084.000000   518819.000000       -0.069560       -0.011263        0.009454        0.044481
   60084.000000   518820.000000       -0.069984       -0.011077        0.010411        0.044818
   60084.000000   518821.000000       -0.069971       -0.009854        0.010643        0.044772
   60084.000000   518822.000000       -0.069500       -0.009144        0.010527        0.044438
   60084.000000   518823.000000       -0.069952       -0.008802        0.010849        0.044734
   60084.000000   518824.000000       -0.070286       -0.007512        0.011049        0.044912
   60084.000000   518825.000000       -0.069562       -0.007184        0.011306        0.044477
   60084.000000   518826.000000       -0.069824       -0.006254        0.011630        0.044644
   60084.000000   518827.000000       -0.069725       -0.005694        0.012216        0.044629
   60084.000000   518828.000000       -0.069494       -0.004694        0.012679        0.044513
   60084.000000   518829.000000       -0.068840       -0.003737        0.012427        0.044061
   60084.000000   518830.000000       -0.068936       -0.002710        0.013211        0.044195
   60084.000000   518831.000000       -0.068746       -0.002375        0.013264        0.044080
   60084.000000   518832.000000       -0.068301       -0.001980        0.013180        0.043791
   60084.000000   518833.000000       -0.067629       -0.000761        0.013546        0.043412
   60084.000000   518834.000000       -0.067704        0.000302        0.013939        0.043507
   60084.000000   518835.000000       -0.067291        0.000388        0.013574        0.043206
   60084.000000   518836.000000       -0.066745        0.001500        0.014222        0.042958
   60084.000000   518837.000000       -0.067185        0.002769        0.014468        0.043274
   60084.000000   518838.000000       -0.066285        0.002925        0.014331        0.042704
   60084.000000   518839.000000       -0.065846        0.003550        0.014757        0.042502
   60084.000000   518840.000000       -0.065504        0.004246        0.015145        0.042360
   60084.000000   518841.000000       -0.065397        0.005923        0.015088        0.042328
   60084.000000   518842.000000       -0.064863        0.005893        0.014760        0.041955
   60084.000000   518843.000000       -0.063994        0.007224        0.014945        0.041492
   60084.000000   518844.000000       -0.064085        0.008092        0.015185        0.041616
   60084.000000   518845.000000       -0.063281        0.008593        0.015700        0.041223
   60084.000000   518846.000000       -0.063139        0.009222        0.015252        0.041098
   60084.000000   518847.000000       -0.062390        0.010312        0.016204        0.040843
   60084.000000   518848.000000       -0.062216        0.011152        0.016138        0.040773
   60084.000000   518849.000000       -0.061490        0.012171        0.016433        0.040442
   60084.000000   518850.000000       -0.061221        0.012592        0.015654        0.040184
   60084.000000   518851.000000       -0.060125        0.012782        0.016164        0.039617
   60084.000000   518852.000000       -0.059472        0.014283        0.015735        0.039263
   60084.000000   518853.000000       -0.059142        0.014719        0.016685        0.039254
   60084.000000   518854.000000       -0.058180        0.015797        0.016462        0.038731
   60084.000000   518855.000000       -0.058419        0.016006        0.016727        0.038935
   60084.000000   518856.000000       -0.057295        0.017448        0.016751        0.038403
   60084.000000   518857.000000       -0.056401        0.017478        0.016042        0.037756
   60084.000000   518858.000000       -0.055993        0.018292        0.016313        0.037641
   60084.000000   518859.000000       -0.055570        0.019638        0.016948        0.037646
   60084.000000   518860.000000       -0.054242        0.020044        0.016176        0.036778
   60084.000000   518861.000000       -0.053803        0.020198        0.016818        0.036654
   60084.000000   518862.000000       -0.053225        0.021862        0.016311        0.036426
   60084.000000   518863.000000       -0.052869        0.021905        0.015973        0.036166
   60084.000000   518864.000000       -0.051803        0.023185        0.016372        0.035789
   60084.000000   518865.000000       -0.051306        0.024112        0.016028        0.035570
   60084.000000   518866.000000       -0.050555        0.024343        0.016299        0.035224
   60084.000000   518867.000000       -0.049512        0.024993        0.016734        0.034810
   60084.000000   518868.000000       -0.049041        0.025410        0.015860        0.034445
   60084.000000   518869.000000       -0.047783        0.026129        0.016038        0.033884
   60084.000000   518870.000000       -0.047500        0.026897        0.015938        0.033833
   60084.000000   518871.000000       -0.046171        0.028025        0.015796        0.033263
   60084.000000   518872.000000       -0.045674        0.028212        0.016242        0.033109
   60084.000000   518873.000000       -0.044754        0.029228        0.015692        0.032686
   60084.000000   518874.000000       -0.043322        0.028954        0.015474        0.031819
   60084.000000   518875.000000       -0.042724        0.030254        0.015417        0.031738
   60084.000000   518876.000000       -0.042072        0.030713        0.015717        0.031543
   60084.000000   518877.000000       -0.041260        0.031523        0.015900        0.031319
   60084.000000   518878.000000       -0.040033        0.031654        0.015328        0.030595
   60084.000000   518879.000000       -0.039062        0.032630        0.014653        0.030176
   60084.000000   518880.000000       -0.037839        0.033306        0.015212        0.029820
   60084.000000   518881.000000       -0.036856        0.034114        0.014533        0.029384
   60084.000000   518882.000000       -0.036389        0.034243        0.015076        0.029293
   60084.000000   518883.000000       -0.035611        0.034677        0.014242        0.028852
   60084.000000   518884.000000       -0.034401        0.035547        0.014507        0.028541
   60084.000000   518885.000000       -0.033487        0.036324        0.014364        0.028283
   60084.000000   518886.000000       -0.032443        0.035978        0.014158        0.027662
   60084.000000   518887.000000       -0.031619        0.037081        0.013541        0.027463
   60084.000000   518888.000000       -0.029937        0.037253        0.013705        0.026788
   60084.000000   518889.000000       -0.029534        0.037680        0.013404        0.026675
   60084.000000   518890.000000       -0.028547        0.037845        0.013859        0.026388
   60084.000000   518891.000000       -0.027269        0.038183        0.013565        0.025889
   60084.000000   518892.000000       -0.026678        0.039399        0.013124        0.025933
   60084.000000   518893.000000       -0.025390        0.040138        0.012752        0.025580
   60084.000000   518894.000000       -0.023842        0.039816        0.012911        0.024909
   60084.000000   518895.000000       -0.022826        0.040203        0.012223        0.024520
   60084.000000   518896.000000       -0.022663        0.040672        0.012135        0.024603
   60084.000000   518897.000000       -0.021660        0.040881        0.011886        0.024267
   60084.000000   518898.000000       -0.019844        0.041202        0.011945        0.023771
   60084.000000   518899.000000       -0.018646        0.041530        0.011888        0.023492
   60084.000000   518900.000000       -0.018180        0.042307        0.011181        0.023498
   60084.000000   518901.000000       -0.016909        0.042189        0.011039        0.023046
   60084.000000   518902.000000       -0.015469        0.042937        0.011055        0.022935
   60084.000000   518903.000000       -0.014726        0.043172        0.010665        0.022760
   60084.000000   518904.000000       -0.013755        0.042932        0.010215        0.022339
   60084.000000   518905.000000       -0.012157        0.043568        0.010173        0.022220
   60084.000000   518906.000000       -0.011696        0.044103        0.010078        0.022323
   60084.000000   518907.000000       -0.010510        0.044219        0.010164        0.022152
   60084.000000   518908.000000       -0.009042        0.043496        0.009876        0.021538
   60084.000000   518909.000000       -0.008708        0.044079        0.009881        0.021730
   60084.000000   518910.000000       -0.007183        0.044422        0.009303        0.021552
   60084.000000   518911.000000       -0.005717        0.044455        0.008678        0.021288
   60084.000000   518912.000000       -0.005174        0.045044        0.008546        0.021468
   60084.000000   518913.000000       -0.004038        0.044995        0.009131        0.021445
   60084.000000   518914.000000       -0.002500        0.044957        0.007888        0.021138
   60084.000000   518915.000000       -0.001529        0.044745        0.008321        0.021074
   60084.000000   518916.000000       -0.000380        0.044642        0.007781        0.020926
   60084.000000   518917.000000        0.000197        0.045502        0.007789        0.021307
   60084.000000   518918.000000        0.001288        0.045297        0.007564        0.021199
   60084.000000   518919.000000        0.002071        0.044945        0.007627        0.021077
   60084.000000   518920.000000        0.003875        0.045584        0.007329        0.021418
   60084.000000   518921.000000        0.004743        0.045379        0.007147        0.021372
   60084.000000   518922.000000        0.006017        0.045480        0.006428        0.021454
   60084.000000   518923.000000        0.006215        0.044946        0.006653        0.021268
   60084.000000   518924.000000        0.007919        0.045535        0.006093        0.021682
   60084.000000   518925.000000        0.008891        0.044471        0.006201        0.021383
   60084.000000   518926.000000        0.010344        0.045166        0.006431        0.021964
   60084.000000   518927.000000        0.010826        0.044570        0.006147        0.021770
   60084.000000   518928.000000        0.012179        0.044763        0.005701        0.022084
   60084.000000   518929.000000        0.012877        0.044892        0.005557        0.022281
   60084.000000   518930.000000        0.013559        0.044323        0.005032        0.022154
   60084.000000   518931.000000        0.014849        0.044573        0.005537        0.022629
   60084.000000   518932.000000        0.016023        0.044519        0.005458        0.022915
   60084.000000   518933.000000        0.016890        0.043886        0.005183        0.022883
   60084.000000   518934.000000        0.017641        0.043332        0.005108        0.022881
   60084.000000   518935.000000        0.018409        0.043562        0.004633        0.023169
   60084.000000   518936.000000        0.019624        0.042983        0.005048        0.023373
   60084.000000   518937.000000        0.020445        0.042733        0.004827        0.023538
   60084.000000   518938.000000        0.022014        0.043124        0.004285        0.024196
   60084.000000   518939.000000        0.022491        0.042456        0.003848        0.024095
   60084.000000   518940.000000        0.023408        0.041981        0.003840        0.024267
   60084.000000   518941.000000        0.024559        0.041525        0.003638        0.024541
   60084.000000   518942.000000        0.025263        0.042188        0.003691        0.025057
   60084.000000   518943.000000        0.026476        0.041167        0.004207        0.025232
   60084.000000   518944.000000        0.026870        0.040952        0.003716        0.025293
   60084.000000   518945.000000        0.028231        0.040571        0.003446        0.025734
   60084.000000   518946.000000        0.028599        0.040606        0.003888        0.025931
   60084.000000   518947.000000        0.029606        0.040207        0.003280        0.026214
   60084.000000   518948.000000        0.030334        0.039527        0.004038        0.026371
   60084.000000   518949.000000        0.030914        0.039441        0.003535        0.026582
   60084.000000   518950.000000        0.031906        0.038440        0.004049        0.026770
   60084.000000   518951.000000        0.032961        0.038683        0.004019        0.027341
   60084.000000   518952.000000        0.033249        0.038194        0.003770        0.027322
   60084.000000   518953.000000        0.034006        0.037401        0.003605        0.027455
   60084.000000   518954.000000        0.034624        0.037499        0.003936        0.027804
   60084.000000   518955.000000        0.035546        0.037112        0.004042        0.028160
   60084.000000   518956.000000        0.036680        0.036176        0.003269        0.028443
   60084.000000   518957.000000        0.037527        0.035846        0.004015        0.028829
   60084.000000   518958.000000        0.037918        0.036132        0.003621        0.029084
   60084.000000   518959.000000        0.038416        0.035630        0.003359        0.029202
   60084.000000   518960.000000        0.039376        0.035203        0.003574        0.029608
   60084.000000   518961.000000        0.039436        0.034273        0.003636        0.029415
   60084.000000   518962.000000        0.040266        0.034268        0.003849        0.029867
   60084.000000   518963.000000        0.041109        0.033295        0.004518        0.030129
   60084.000000   518964.000000        0.041344        0.032677        0.004026        0.030088
   60084.000000   518965.000000        0.042357        0.032886        0.004660        0.030723
   60084.000000   518966.000000        0.043337        0.032104        0.004723        0.031094
   60084.000000   518967.000000        0.043759        0.031623        0.004585        0.031218
   60084.000000   518968.000000        0.043652        0.031442        0.004560        0.031119
   60084.000000   518969.000000        0.044902        0.030814        0.004887        0.031707
   60084.000000   518970.000000        0.045290        0.029602        0.004944        0.031689
   60084.000000   518971.000000        0.045618        0.029680        0.005062        0.031897
   60084.000000   518972.000000        0.046112        0.028849        0.005491        0.032048
   60084.000000   518973.000000        0.046256        0.028469        0.005584        0.032067
   60084.000000   518974.000000        0.047044        0.028210        0.005610        0.032472
   60084.000000   518975.000000        0.047246        0.027571        0.005895        0.032495
   60084.000000   518976.000000        0.048221        0.027186        0.005716        0.032978
   60084.000000   518977.000000        0.047827        0.026944        0.005421        0.032689
   60084.000000   518978.000000        0.048033        0.026150        0.006246        0.032733
   60084.000000   518979.000000        0.049269        0.025855        0.006497        0.033424
   60084.000000   518980.000000        0.049037        0.025044        0.006497        0.033160
   60084.000000   518981.000000        0.050055        0.024918        0.006504        0.033738
   60084.000000   518982.000000        0.049838        0.024480        0.006835        0.033570
   60084.000000   518983.000000        0.050723        0.024037        0.006735        0.034017
   60084.000000   518984.000000        0.050628        0.023516        0.007523        0.033951
   60084.000000   518985.000000        0.050588        0.022705        0.007457        0.033807
   60084.000000   518986.000000        0.051139        0.022650        0.007824        0.034158
   60084.000000   518987.000000        0.051668        0.021657        0.007883        0.034345
   60084.000000   518988.000000        0.051782        0.021179        0.007935        0.034356
   60084.000000   518989.000000        0.051645        0.021374        0.008249        0.034328
   60084.000000   518990.000000        0.051971        0.021122        0.008069        0.034474
   60084.000000   518991.000000        0.052574        0.019657        0.008655        0.034711
   60084.000000   518992.000000        0.052512        0.019790        0.008318        0.034657
   60084.000000   518993.000000        0.052173        0.019455        0.009286        0.034512
   60084.000000   518994.000000        0.052661        0.018515        0.008809        0.034648
   60084.000000   518995.000000        0.052710        0.018823        0.009177        0.034750
   60084.000000   518996.000000        0.052707        0.018376        0.009617        0.034746
   60084.000000   518997.000000        0.052865        0.017404        0.009383        0.034711
   60084.000000   518998.000000        0.052856        0.017424        0.009743        0.034747
   60084.000000   518999.000000        0.053090        0.016455        0.009922        0.034811
   60084.000000   519000.000000        0.053249        0.016038        0.010182        0.034896
   60084.000000   519001.000000        0.053577        0.016425        0.010766        0.035200
   60084.000000   519002.000000        0.053577        0.016027        0.010900        0.035179
   60084.000000   519003.000000        0.053510        0.015107        0.010825        0.035044
   60084.000000   519004.000000        0.054005        0.014860        0.011786        0.035444
   60084.000000   519005.000000        0.053668        0.014098        0.012003        0.035205
   60084.000000   519006.000000        0.054078        0.013663        0.011719        0.035379
   60084.000000   519007.000000        0.053282        0.013659        0.012150        0.034955
   60084.000000   519008.000000        0.053433        0.013654        0.012533        0.035099
   60084.000000   519009.000000        0.053536        0.013407        0.012081        0.035079
   60084.000000   519010.000000        0.053886        0.013228        0.012021        0.035268
   60084.000000   519011.000000        0.053491        0.012889        0.012558        0.035078
   60084.000000   519012.000000        0.053606        0.012355        0.012920        0.035159
   60084.000000   519013.000000        0.053254        0.011410        0.013309        0.034938
   60084.000000   519014.000000        0.053150        0.011333        0.012947        0.034816
   60084.000000   519015.000000        0.053245        0.011548        0.013039        0.034902
   60084.000000   519016.000000        0.053139        0.010561        0.013780        0.034886
   60084.000000   519017.000000        0.053027        0.010976        0.013382        0.034783
   60084.000000   519018.000000        0.053047        0.010009        0.014041        0.034837
   60084.000000   519019.000000        0.053039        0.009349        0.013955        0.034781
   60084.000000   519020.000000        0.052426        0.009757        0.014305        0.034491
   60084.000000   519021.000000        0.052720        0.009036        0.014314        0.034629
   60084.000000   519022.000000        0.052818        0.009264        0.014149        0.034674
   60084.000000   519023.000000        0.052368        0.008997        0.013987        0.034361
   60084.000000   519024.000000        0.051767        0.008659        0.014020        0.033986
   60084.000000   519025.000000        0.052345        0.008308        0.014463        0.034389
   60084.000000   519026.000000        0.052309        0.008194        0.014450        0.034360
   60084.000000   519027.000000        0.051679        0.007832        0.015157        0.034084
   60084.000000   519028.000000        0.050933        0.007671        0.014766        0.033560
   60084.000000   519029.000000        0.051034        0.006874        0.014480        0.033535
   60084.000000   519030.000000        0.050558        0.006647        0.014420        0.033229
   60084.000000   519031.000000        0.050878        0.007095        0.014793        0.033505
   60084.000000   519032.000000        0.050436        0.006279        0.014720        0.033193
   60084.000000   519033.000000        0.050397        0.006550        0.015388        0.033299
   60084.000000   519034.000000        0.050182        0.005607        0.014944        0.033054
   60084.000000   519035.000000        0.049668        0.005257        0.014529        0.032659
   60084.000000   519036.000000        0.049297        0.006019        0.015306        0.032604
   60084.000000   519037.000000        0.049444        0.005242        0.015454        0.032692
   60084.000000   519038.000000        0.049114        0.005117        0.015066        0.032418
   60084.000000   519039.000000        0.048396        0.005257        0.015292        0.032034
   60084.000000   519040.000000        0.048393        0.004896        0.015318        0.032026
   60084.000000   519041.000000        0.047390        0.004389        0.015212        0.031390
   60084.000000   519042.000000        0.046833        0.003924        0.015164        0.031035
   60084.000000   519043.000000        0.047289        0.004055        0.014326        0.031154
   60084.000000   519044.000000        0.046613        0.004238        0.014725        0.030828
   60084.000000   519045.000000        0.045982        0.003752        0.014572        0.030408
   60084.000000   519046.000000        0.045947        0.003172        0.013996        0.030266
   60084.000000   519047.000000        0.045716        0.002538        0.014081        0.030130
   60084.000000   519048.000000        0.044964        0.002808        0.013916        0.029652
   60084.000000   519049.000000        0.044450        0.002359        0.013669        0.029289
   60084.000000   519050.000000        0.044747        0.001807        0.013475        0.029424
   60084.000000   519051.000000        0.044207        0.001576        0.013354        0.029075
   60084.000000   519052.000000        0.043416        0.002296        0.013429        0.028622
   60084.000000   519053.000000        0.042792        0.001446        0.013861        0.028319
   60084.000000   519054.000000        0.042793        0.001882        0.013732        0.028300
   60084.000000   519055.000000        0.042926        0.001463        0.013144        0.028264
   60084.000000   519056.000000        0.041524        0.000664        0.013092        0.027405
   60084.000000   519057.000000        0.041487        0.000333        0.012814        0.027329
   60084.000000   519058.000000        0.041216        0.000945        0.012298        0.027075
   60084.000000   519059.000000        0.040188        0.000403        0.012635        0.026516
   60084.000000   519060.000000        0.040456       -0.000073        0.012004        0.026561
   60084.000000   519061.000000        0.039029       -0.000521        0.012306        0.025758
   60084.000000   519062.000000        0.038904       -0.000073        0.011782        0.025585
   60084.000000   519063.000000        0.038656       -0.000431        0.011448        0.025375
   60084.000000   519064.000000        0.038023       -0.000512        0.011336        0.024974
   60084.000000   519065.000000        0.037942       -0.001840        0.010602        0.024809
   60084.000000   519066.000000        0.037536       -0.002005        0.010205        0.024500
   60084.000000   519067.000000        0.036763       -0.002129        0.010225        0.024037
   60084.000000   519068.000000        0.036020       -0.002421        0.009745        0.023512
   60084.000000   519069.000000        0.035939       -0.002106        0.009850        0.023474
   60084.000000   519070.000000        0.035275       -0.002877        0.009538        0.023037
   60084.000000   519071.000000        0.034183       -0.002671        0.008821        0.022253
   60084.000000   519072.000000        0.033510       -0.002919        0.008838        0.021853
   60084.000000   519073.000000        0.033695       -0.003795        0.008665        0.021966
   60084.000000   519074.000000        0.032688       -0.003418        0.008146        0.021260
   60084.000000   519075.000000        0.031999       -0.004517        0.007490        0.020786
   60084.000000   519076.000000        0.031735       -0.004968        0.007692        0.020677
   60084.000000   519077.000000        0.031438       -0.004555        0.007736        0.020483
   60084.000000   519078.000000        0.029931       -0.004919        0.006591        0.019420
   60084.000000   519079.000000        0.030049       -0.004980        0.006481        0.019480
   60084.000000   519080.000000        0.028772       -0.005637        0.006207        0.018703
   60084.000000   519081.000000        0.028176       -0.005485        0.005912        0.018292
   60084.000000   519082.000000        0.027965       -0.006474        0.005639        0.018196
   60084.000000   519083.000000        0.027080       -0.007026        0.005266        0.017656
   60084.000000   519084.000000        0.025965       -0.007215        0.004836        0.016945
   60084.000000   519085.000000        0.025996       -0.007467        0.004480        0.016948
   60084.000000   519086.000000        0.025413       -0.008049        0.004057        0.016608
   60084.000000   519087.000000        0.025042       -0.008081        0.003606        0.016344
   60084.000000   519088.000000        0.024064       -0.008177        0.003066        0.015716
   60084.000000   519089.000000        0.022866       -0.008345        0.003463        0.015045
   60084.000000   519090.000000        0.023042       -0.009035        0.002935        0.015189
   60084.000000   519091.000000        0.022212       -0.009159        0.002217        0.014656
   60084.000000   519092.000000        0.021348       -0.009993        0.002422        0.014269
   60084.000000   519093.000000        0.020576       -0.010318        0.001488        0.013810
   60084.000000   519094.000000        0.019863       -0.011003        0.001424        0.013499
   60084.000000   519095.000000        0.019256       -0.010784        0.001156        0.013099
   60084.000000   519096.000000        0.018562       -0.011513        0.000692        0.012814
   60084.000000   519097.000000        0.017750       -0.011880       -0.000053        0.012414
   60084.000000   519098.000000        0.017264       -0.011824       -0.000072        0.012129
   60084.000000   519099.000000        0.016103       -0.012852       -0.000465        0.011710
   60084.000000   519100.000000        0.015547       -0.013060       -0.001217        0.011479
   60084.000000   519101.000000        0.014771       -0.012939       -0.001441        0.011046
   60084.000000   519102.000000        0.013983       -0.013367       -0.001140        0.010727
   60084.000000   519103.000000        0.013041       -0.013997       -0.002410        0.010505
   60084.000000   519104.000000        0.012221       -0.014653       -0.002273        0.010286
   60084.000000   519105.000000        0.011397       -0.014974       -0.002835        0.010060
   60084.000000   519106.000000        0.010702       -0.015774       -0.003113        0.010044
   60084.000000   519107.000000        0.009252       -0.015316       -0.003342        0.009330
   60084.000000   519108.000000        0.008792       -0.016087       -0.003314        0.009419
   60084.000000   519109.000000        0.008561       -0.016375       -0.004262        0.009587
   60084.000000   519110.000000        0.007681       -0.016566       -0.004339        0.009371
   60084.000000   519111.000000        0.006540       -0.017517       -0.004562        0.009429
   60084.000000   519112.000000        0.005213       -0.017815       -0.005070        0.009320
   60084.000000   519113.000000        0.004806       -0.018581       -0.004780        0.009481
   60084.000000   519114.000000        0.003425       -0.018687       -0.006066        0.009578
   60084.000000   519115.000000        0.003245       -0.018582       -0.005737        0.009429
   60084.000000   519116.000000        0.002595       -0.019349       -0.006062        0.009745
   60084.000000   519117.000000        0.001474       -0.019500       -0.006206        0.009751
   60084.000000   519118.000000        0.000328       -0.019847       -0.007203        0.010119
   60084.000000   519119.000000       -0.000387       -0.020133       -0.007107        0.010210
   60084.000000   519120.000000       -0.001136       -0.020801       -0.007083        0.010499
   60084.000000   519121.000000       -0.002135       -0.021310       -0.007304        0.010828
   60084.000000   519122.000000       -0.002666       -0.021469       -0.007818        0.011079
   60084.000000   519123.000000       -0.003415       -0.021612       -0.007817        0.011217
   60084.000000   519124.000000       -0.004810       -0.022158       -0.008478        0.011815
   60084.000000   519125.000000       -0.005313       -0.023206       -0.008733        0.012378
   60084.000000   519126.000000       -0.006594       -0.022536       -0.009038        0.012452
   60084.000000   519127.000000       -0.007127       -0.023435       -0.009190        0.012947
   60084.000000   519128.000000       -0.008569       -0.023673       -0.009657        0.013506
   60084.000000   519129.000000       -0.009714       -0.024251       -0.009379        0.013941
   60084.000000   519130.000000       -0.010224       -0.023683       -0.009549        0.013929
   60084.000000   519131.000000       -0.010392       -0.024519       -0.010242        0.014463
   60084.000000   519132.000000       -0.011181       -0.024759       -0.009826        0.014666
   60084.000000   519133.000000       -0.012813       -0.024815       -0.010504        0.015383
   60084.000000   519134.000000       -0.013261       -0.025959       -0.010088        0.015809
   60084.000000   519135.000000       -0.013856       -0.026014       -0.011065        0.016282
   60084.000000   519136.000000       -0.014902       -0.026412       -0.010553        0.016642
   60084.000000   519137.000000       -0.016226       -0.026608       -0.010761        0.017239
   60084.000000   519138.000000       -0.017130       -0.026252       -0.010788        0.017477
   60084.000000   519139.000000       -0.017348       -0.026958       -0.011713        0.018013
   60084.000000   519140.000000       -0.019221       -0.027197       -0.011110        0.018678
   60084.000000   519141.000000       -0.019627       -0.027513       -0.011739        0.019089
   60084.000000   519142.000000       -0.020186       -0.027703       -0.012022        0.019443
   60084.000000   519143.000000       -0.021309       -0.028016       -0.012213        0.020049
   60084.000000   519144.000000       -0.022118       -0.028113       -0.012414        0.020469
   60084.000000   519145.000000       -0.023152       -0.028174       -0.011896        0.020815
   60084.000000   519146.000000       -0.023584       -0.028892       -0.012743        0.021401
   60084.000000   519147.000000       -0.024797       -0.029037       -0.012413        0.021902
   60084.000000   519148.000000       -0.025945       -0.029289       -0.012996        0.022621
   60084.000000   519149.000000       -0.026410       -0.029165       -0.012631        0.022719
   60084.000000   519150.000000       -0.027677       -0.029505       -0.012742        0.023421
   60084.000000   519151.000000       -0.027689       -0.029286       -0.012300        0.023275
   60084.000000   519152.000000       -0.029189       -0.029921       -0.012901        0.024277
   60084.000000   519153.000000       -0.029749       -0.029438       -0.013519        0.024555
   60084.000000   519154.000000       -0.030561       -0.029825       -0.013458        0.025029
   60084.000000   519155.000000       -0.031588       -0.030318       -0.013014        0.025559
   60084.000000   519156.000000       -0.031705       -0.030558       -0.013303        0.025734
   60084.000000   519157.000000       -0.032449       -0.030236       -0.012823        0.025925
   60084.000000   519158.000000       -0.033232       -0.030908       -0.013682        0.026646
   60084.000000   519159.000000       -0.034105       -0.030671       -0.013233        0.026935
   60084.000000   519160.000000       -0.035384       -0.030722       -0.013760        0.027694
   60084.000000   519161.000000       -0.035462       -0.030836       -0.013262        0.027664
   60084.000000   519162.000000       -0.036285       -0.030503       -0.013391        0.028032
   60084.000000   519163.000000       -0.037347       -0.030132       -0.013310        0.028483
   60084.000000   519164.000000       -0.037973       -0.030198       -0.013184        0.028800
   60084.000000   519165.000000       -0.038409       -0.030787       -0.013315        0.029180
   60084.000000   519166.000000       -0.039615       -0.030666       -0.013245        0.029774
   60084.000000   519167.000000       -0.039806       -0.030692       -0.013935        0.030004
   60084.000000   519168.000000       -0.040454       -0.030478       -0.013939        0.030301
   60084.000000   519169.000000       -0.040849       -0.030456       -0.013419        0.030413
   60084.000000   519170.000000       -0.041941       -0.030419       -0.013888        0.031071
   60084.000000   519171.000000       -0.042070       -0.030068       -0.013366        0.030978
   60084.000000   519172.000000       -0.042525       -0.030122       -0.013371        0.031235
   60084.000000   519173.000000       -0.043653       -0.030572       -0.013279        0.031919
   60084.000000   519174.000000       -0.043996       -0.029949       -0.013269        0.031981
   60084.000000   519175.000000       -0.044424       -0.030168       -0.013700        0.032329
   60084.000000   519176.000000       -0.045087       -0.030199       -0.012980        0.032580
   60084.000000   519177.000000       -0.045778       -0.030212       -0.013442        0.033035
   60084.000000   519178.000000       -0.046636       -0.029163       -0.013502        0.033323
   60084.000000   519179.000000       -0.046660       -0.029635       -0.013151        0.033367
   60084.000000   519180.000000       -0.047103       -0.029081       -0.013158        0.033513
   60084.000000   519181.000000       -0.047695       -0.028722       -0.012734        0.033715
   60084.000000   519182.000000       -0.048358       -0.028630       -0.013248        0.034149
   60084.000000   519183.000000       -0.048639       -0.029007       -0.012936        0.034325
   60084.000000   519184.000000       -0.049193       -0.028562       -0.012392        0.034480
   60084.000000   519185.000000       -0.049353       -0.028633       -0.012796        0.034641
   60084.000000   519186.000000       -0.050126       -0.027772       -0.012792        0.034934
   60084.000000   519187.000000       -0.050101       -0.027578       -0.012385        0.034829
   60084.000000   519188.000000       -0.050251       -0.027672       -0.012184        0.034902
   60084.000000   519189.000000       -0.050274       -0.027078       -0.012606        0.034878
   60084.000000   519190.000000       -0.050943       -0.026538       -0.012107        0.035106
   60084.000000   519191.000000       -0.051188       -0.026420       -0.011883        0.035197
   60084.000000   519192.000000       -0.051948       -0.026319       -0.012563        0.035713
   60084.000000   519193.000000       -0.051444       -0.025776       -0.012205        0.035290
   60084.000000   519194.000000       -0.052223       -0.025902       -0.011652        0.035686
   60084.000000   519195.000000       -0.052472       -0.025169       -0.012112        0.035782
   60084.000000   519196.000000       -0.052013       -0.024622       -0.011855        0.035401
   60084.000000   519197.000000       -0.053014       -0.024421       -0.011741        0.035942
   60084.000000   519198.000000       -0.053273       -0.024223       -0.011796        0.036072
   60084.000000   519199.000000       -0.052957       -0.023849       -0.011487        0.035796
   60084.000000   519200.000000       -0.053296       -0.023786       -0.011478        0.035985
   60084.000000   519201.000000       -0.053178       -0.023249       -0.011036        0.035787
   60084.000000   519202.000000       -0.052901       -0.023055       -0.010616        0.035547
   60084.000000   519203.000000       -0.052965       -0.021802       -0.010900        0.035455
   60084.000000   519204.000000       -0.053290       -0.021495       -0.011156        0.035640
   60084.000000   519205.000000       -0.052739       -0.021323       -0.010657        0.035232
   60084.000000   519206.000000       -0.053055       -0.020459       -0.010319        0.035273
   60084.000000   519207.000000       -0.052665       -0.020374       -0.010171        0.035013
   60084.000000   519208.000000       -0.052237       -0.019555       -0.009941        0.034634
   60084.000000   519209.000000       -0.052362       -0.019714       -0.010108        0.034746
   60084.000000   519210.000000       -0.052428       -0.018732       -0.010190        0.034682
   60084.000000   519211.000000       -0.052308       -0.018566       -0.009470        0.034511
   60084.000000   519212.000000       -0.052218       -0.017843       -0.009645        0.034397
   60084.000000   519213.000000       -0.051878       -0.017491       -0.009033        0.034088
   60084.000000   519214.000000       -0.051834       -0.017064       -0.009336        0.034049
   60084.000000   519215.000000       -0.051444       -0.016536       -0.008881        0.033711
   60084.000000   519216.000000       -0.050541       -0.015706       -0.008175        0.033009
   60084.000000   519217.000000       -0.049993       -0.015049       -0.008928        0.032691
   60084.000000   519218.000000       -0.050268       -0.014095       -0.008739        0.032749
   60084.000000   519219.000000       -0.049482       -0.014327       -0.008624        0.032281
   60084.000000   519220.000000       -0.049349       -0.013732       -0.007634        0.032046
   60084.000000   519221.000000       -0.048307       -0.012589       -0.008000        0.031348
   60084.000000   519222.000000       -0.048411       -0.011938       -0.007566        0.031316
   60084.000000   519223.000000       -0.047957       -0.011024       -0.007600        0.030971
   60084.000000   519224.000000       -0.047281       -0.010449       -0.007660        0.030520
   60084.000000   519225.000000       -0.046367       -0.009870       -0.007313        0.029884
   60084.000000   519226.000000       -0.046224       -0.009625       -0.007337        0.029782
   60084.000000   519227.000000       -0.044653       -0.009098       -0.006825        0.028732
   60084.000000   519228.000000       -0.044692       -0.007852       -0.006085        0.028614
   60084.000000   519229.000000       -0.043461       -0.007650       -0.005897        0.027824
   60084.000000   519230.000000       -0.042720       -0.007443       -0.006338        0.027393
   60084.000000   519231.000000       -0.042640       -0.006763       -0.006030        0.027279
   60084.000000   519232.000000       -0.040873       -0.006077       -0.006006        0.026149
   60084.000000   519233.000000       -0.040650       -0.004831       -0.005639        0.025924
   60084.000000   519234.000000       -0.039281       -0.004665       -0.004740        0.024993
   60084.000000   519235.000000       -0.038815       -0.003320       -0.004641        0.024651
   60084.000000   519236.000000       -0.038035       -0.002934       -0.004435        0.024139
   60084.000000   519237.000000       -0.036253       -0.002247       -0.004704        0.023031
   60084.000000   519238.000000       -0.035194       -0.002280       -0.004340        0.022343
   60084.000000   519239.000000       -0.034715       -0.000491       -0.004199        0.022010
   60084.000000   519240.000000       -0.032772       -0.000355       -0.004080        0.020786
   60084.000000   519241.000000       -0.031843        0.000604       -0.003422        0.020159
   60084.000000   519242.000000       -0.030745        0.001371       -0.003524        0.019488
   60084.000000   519243.000000       -0.029919        0.001557       -0.003048        0.018942
   60084.000000   519244.000000       -0.028618        0.002462       -0.002602        0.018121
   60084.000000   519245.000000       -0.027129        0.002580       -0.002780        0.017204
   60084.000000   519246.000000       -0.026082        0.003749       -0.002532        0.016581
   60084.000000   519247.000000       -0.024843        0.004140       -0.002194        0.015810
   60084.000000   519248.000000       -0.022880        0.005175       -0.001423        0.014620
   60084.000000   519249.000000       -0.021351        0.005702       -0.001093        0.013704
   60084.000000   519250.000000       -0.020051        0.006216       -0.000864        0.012946
   60084.000000   519251.000000       -0.018524        0.007118       -0.001363        0.012132
   60084.000000   519252.000000       -0.017149        0.008076       -0.001286        0.011432
   60084.000000   519253.000000       -0.015149        0.008335       -0.000027        0.010263
   60084.000000   519254.000000       -0.013248        0.009815        0.000267        0.009464
   60084.000000   519255.000000       -0.012245        0.010226       -0.000064        0.009007
   60084.000000   519256.000000       -0.009997        0.010476        0.000802        0.007914
   60084.000000   519257.000000       -0.008448        0.011891        0.000432        0.007597
   60084.000000   519258.000000       -0.006480        0.012578        0.000665        0.007047
   60084.000000   519259.000000       -0.004728        0.013417        0.001531        0.006868
   60084.000000   519260.000000       -0.002744        0.013819        0.001421        0.006591
   60084.000000   519261.000000       -0.000505        0.014447        0.001596        0.006667
   60084.000000   519262.000000        0.001033        0.015260        0.002078        0.007106
   60084.000000   519263.000000        0.002985        0.015457        0.002488        0.007457
   60084.000000   519264.000000        0.005103        0.016885        0.002829        0.008526
   60084.000000   519265.000000        0.006662        0.017313        0.003405        0.009188
   60084.000000   519266.000000        0.009494        0.017835        0.003820        0.010370
   60084.000000   519267.000000        0.011784        0.018765        0.003788        0.011568
   60084.000000   519268.000000        0.013809        0.018606        0.004844        0.012519
   60084.000000   519269.000000        0.016239        0.019958        0.005041        0.014044
   60084.000000   519270.000000        0.018392        0.020617        0.004668        0.015196
   60084.000000   519271.000000        0.020358        0.021311        0.004947        0.016376
   60084.000000   519272.000000        0.023326        0.021289        0.005481        0.017932
   60084.000000   519273.000000        0.025874        0.021838        0.005944        0.019448
   60084.000000   519274.000000        0.028038        0.022656        0.006595        0.020862
   60084.000000   519275.000000        0.030137        0.023337        0.006735        0.022156
   60084.000000   519276.000000        0.033192        0.024312        0.007861        0.024159
   60084.000000   519277.000000        0.035674        0.024790        0.007731        0.025602
   60084.000000   519278.000000        0.038618        0.025215        0.007835        0.027334
   60084.000000   519279.000000        0.040924        0.025749        0.009073        0.028875
   60084.000000   519280.000000        0.043856        0.026730        0.008812        0.030677
   60084.000000   519281.000000        0.046603        0.027181        0.009205        0.032363
   60084.000000   519282.000000        0.049606        0.027782        0.010478        0.034331
   60084.000000   519283.000000        0.052640        0.028386        0.010651        0.036193
   60084.000000   519284.000000        0.055538        0.028858        0.010902        0.037973
   60084.000000   519285.000000        0.058423        0.028958        0.011453        0.039727
   60084.000000   519286.000000        0.060874        0.029718        0.012208        0.041357
   60084.000000   519287.000000        0.064207        0.030468        0.012737        0.043476
   60084.000000   519288.000000        0.067333        0.030374        0.012953        0.045322
   60084.000000   519289.000000        0.070199        0.031417        0.012738        0.047132
   60084.000000   519290.000000        0.074122        0.031916        0.013876        0.049641
   60084.000000   519291.000000        0.076878        0.032520        0.014686        0.051443
   60084.000000   519292.000000        0.079829        0.032590        0.014724        0.053207
   60084.000000   519293.000000        0.083214        0.032986        0.015127        0.055315
   60084.000000   519294.000000        0.087226        0.033517        0.016087        0.057877
   60084.000000   519295.000000        0.090229        0.033592        0.016220        0.059696
   60084.000000   519296.000000        0.093375        0.033763        0.016963        0.061682
   60084.000000   519297.000000        0.097518        0.034681        0.017541        0.064334
   60084.000000   519298.000000        0.100118        0.035062        0.018460        0.066038
   60084.000000   519299.000000        0.104126        0.034803        0.018626        0.068440
   60084.000000   519300.000000        0.107750        0.035568        0.019455        0.070795
